   1.00000000       1.00000000    
   2.00000000       8.00000000    
   3.00000000       27.0000000    
   4.00000000       64.0000000    
   5.00000000       125.000000    
   6.00000000       216.000000    
   7.00000000       343.000000    
   8.00000000       512.000000    
   9.00000000       729.000000    
   10.0000000       1000.00000    
   11.0000000       1331.00000    
   12.0000000       1728.00000    
   13.0000000       2197.00000    
   14.0000000       2744.00000    
   15.0000000       3375.00000    
   16.0000000       4096.00000    
   17.0000000       4913.00000    
   18.0000000       5832.00000    
   19.0000000       6859.00000    
   20.0000000       8000.00000    
   21.0000000       9261.00000    
   22.0000000       10648.0000    
   23.0000000       12167.0000    
   24.0000000       13824.0000    
   25.0000000       15625.0000    
   26.0000000       17576.0000    
   27.0000000       19683.0000    
   28.0000000       21952.0000    
   29.0000000       24389.0000    
   30.0000000       27000.0000    
